0
0
0
0
0
0
0
0
0
0
0
0
0
0
0
0
0
0
0
0
0
0
0
0
0
0
0
0
0
0
0
0
0
0
0
0
0
0
0
0
0
0
0
0
0
0
0
0
0
0
0
0
0.000920808
0.00362938
0.0089343
0.0175821
0.0294096
0.0440605
0.061111
0.0800791
0.0997956
0.119146
0.137077
0.153011
0.166932
0.178841
0.188758
0.196722
0.202784
0.207013
0.209487
0.210298
0.209545
0.207338
0.203789
0.199019
0.19315
0.186308
0.178618
0.170207
0.161199
0.151715
0.141873
0.131787
0.121566
0.111313
0.101124
0.0910897
0.0812916
0.0718052
0.0626976
0.0540282
0.0458487
0.0382026
0.0311259
0.0246471
0.0187871
0.0135598
0.00897265
0.00502637
0.00171591
-0.000969365
-0.00304515
-0.00453174
-0.00545354
-0.00583861
-0.0057181
-0.00512584
-0.00409779
-0.00267162
-0.000886218
0.00121872
0.00360313
0.00622697
0.00905056
0.012035
0.0151423
0.018336
0.0215809
0.024844
0.028094
0.0313017
0.0344403
0.0374854
0.040415
0.0432096
0.045852
0.0483279
0.0506252
0.0527342
0.0546478
0.0563609
0.0578706
0.0591764
0.0602792
0.0611821
0.0618897
0.0624081
0.0627447
0.0629083
0.0629084
0.0627558
0.0624616
0.0620377
0.0614964
0.0608504
0.0601123
0.0592948
0.0584108
0.0574725
0.0564922
0.0554817
0.0544521
0.0534142
0.0523781
0.0513532
0.0503483
0.0493714
0.0484295
0.0475292
0.046676
0.0458747
0.0451294
0.0444434
0.043819
0.0432581
0.0427618
0.0423303
0.0419636
0.0416608
0.0414206
0.041241
0.04112
0.0410547
0.0410422
0.0410792
0.0411621
0.0412872
0.0414506
0.0416484
0.0418765
0.0421308
0.0424072
0.0427019
0.043011
0.0433305
0.043657
0.0439869
0.044317
0.0446443
0.0449659
0.0452792
0.0455818
0.0458717
0.0461471
0.0464062
0.0466478
0.0468709
0.0470744
0.0472579
0.0474209
0.0475633
0.047685
0.0477863
0.0478676
0.0479294
0.0479724
0.0479975
0.0480055
0.0479975
0.0479746
0.0479379
0.0478888
0.0478284
0.0477581
0.0476791
0.0475927
0.0475003
0.0474029
0.047302
0.0471985
0.0470937
0.0469886
0.0468841
0.0467813
0.0466809
0.0465837
0.0464903
0.0464015
0.0463178
0.0462395
0.046167
0.0461007
0.0460407
0.0459873
0.0459404
0.0459
0.0458662
0.0458388
0.0458176
0.0458025
0.0457931
0.0457893
0.0457906
0.0457968
0.0458074
0.0458221
0.0458404
0.0458621
0.0458866
0.0459135
0.0459425
0.0459731
0.046005
0.0460378
0.0460711
0.0461045
0.0461378
0.0461707
0.0462029
0.0462341
0.0462641
0.0462927
0.0463198
0.0463451
0.0463687
0.0463903
0.0464098
0.0464274
0.0464428
0.0464562
0.0464674
0.0464766
0.0464839
0.0464891
0.0464926
0.0464942
0.0464942
0.0464926
0.0464895
0.0464852
0.0464796
0.046473
0.0464654
0.046457
0.0464479
0.0464383
0.0464282
0.0464179
0.0464073
0.0463967
0.046386
0.0463755
0.0463652
0.0463552
0.0463456
0.0463363
0.0463276
0.0463194
0.0463118
0.0463047
0.0462984
0.0462926
0.0462875
0.0462831
0.0462794
0.0462763
0.0462738
0.046272
0.0462708
0.0462701
0.04627
0.0462704
0.0462712
0.0462725
0.0462742
0.0462762
0.0462786
0.0462812
0.046284
0.0462871
0.0462902
0.0462935
0.0462969
0.0463002
0.0463036
0.046307
0.0463103
0.0463135
0.0463166
0.0463196
0.0463224
0.046325
0.0463275
0.0463298
0.0463319
0.0463338
0.0463354
0.0463369
0.0463381
0.0463392
0.04634
0.0463406
0.0463411
0.0463413
0.0463414
0.0463413
0.0463411
0.0463407
0.0463402
0.0463396
0.0463388
0.046338
0.0463371
0.0463362
0.0463352
0.0463342
0.0463331
0.046332
0.0463309
0.0463299
0.0463288
0.0463278
0.0463268
0.0463258
0.0463249
0.0463241
0.0463233
0.0463225
0.0463218
0.0463212
0.0463207
0.0463202
0.0463198
0.0463194
0.0463192
0.046319
0.0463188
0.0463187
0.0463187
0.0463187
0.0463187
0.0463189
0.046319
0.0463192
0.0463194
0.0463197
0.0463199
0.0463202
0.0463206
0.0463209
0.0463212
0.0463216
0.0463219
0.0463222
0.0463226
0.0463229
0.0463232
0.0463235
0.0463238
0.0463241
0.0463244
0.0463246
0.0463248
0.046325
0.0463252
0.0463254
0.0463255
0.0463256
0.0463257
0.0463258
0.0463258
0.0463259
0.0463259
0.0463259
0.0463259
0.0463258
0.0463258
0.0463257
0.0463257
0.0463256
0.0463255
0.0463254
0.0463253
0.0463252
0.0463251
0.046325
0.0463249
0.0463248
0.0463247
0.0463246
0.0463245
0.0463244
0.0463243
0.0463242
0.0463241
0.046324
0.0463239
0.0463239
0.0463238
0.0463238
0.0463237
0.0463237
0.0463237
0.0463236
0.0463236
0.0463236
0.0463236
0.0463236
0.0463236
0.0463236
0.0463236
0.0463236
0.0463237
0.0463237
0.0463237
0.0463237
0.0463238
0.0463238
0.0463238
0.0463239
0.0463239
0.0463239
0.046324
0.046324
0.046324
0.0463241
0.0463241
0.0463241
0.0463242
0.0463242
0.0463242
0.0463242
0.0463242
0.0463243
0.0463243
0.0463243
0.0463243
0.0463243
0.0463243
0.0463243
0.0463243
0.0463243
0.0463243
0.0463243
0.0463243
0.0463243
0.0463243
0.0463243
0.0463243
0.0463243
0.0463243
0.0463243
0.0463243
0.0463242
0.0463242
0.0463242
0.0463242
0.0463242
0.0463242
0.0463242
0.0463242
0.0463242
0.0463241
0.0463241
0.0463241
0.0463241
0.0463241
0.0463241
0.0463241
0.0463241
0.0463241
0.0463241
0.0463241
0.0463241
0.0463241
0.0463241
0.0463241
0.0463241
0.0463241
0.0463241
0.0463241
0.0463241
0.0463241
0.0463241
0.0463241
0.0463241
0.0463241
0.0463241
0.0463241
0.0463241
0.0463241
0.0463241
0.0463241
0.0463241
0.0463241
0.0463241
0.0463241
0.0463242
0.0463242
0.0463242
0.0463242
0.0463242
0.0463242
0.0463242
0.0463242
0.0463242
0.0463242
0.0463242
0.0463242
0.0463242
0.0463242
0.0463242
0.0463242
0.0463242
0.0463242
0.0463242
0.0463242
0.0463242
0.0463242
0.0463242
0.0463242
0.0463242
0.0463242
0.0463242
0.0463242
0.0463242
0.0463242
0.0463242
0.0463242
0.0463241
0.0463241
0.0463241
0.0463241
0.0463241
0.0463241
0.0463241
0.0463241
0.0463241
0.0463241
0.0463241
0.0463241
0.0463241
0.0463241
0.0463241
0.0463241
0.0463241
0.0463241
0.0463241
0.0463241
0.0463241
0.0463241
0.0463241
0.0463241
0.0463241
0.0463241
0.0463241
0.0463241
0.0463241
0.0463241
0.0463241
0.0463241
0.0463241
0.0463241
0.0463241
0.0463241
0.0463241
0.0463241
0.0463241
0.0463241
0.0463241
0.0463241
0.0463241
0.0463241
0.0463242
0.0463242
0.0463242
0.0463242
0.0463242
0.0463242
0.0463242
0.0463242
0.0463242
0.0463242
0.0463242
0.0463241
0.0463241
0.0463241
0.0463241
0.0463241
0.0463241
0.0463241
0.0463241
0.0463241
0.0463241
0.0463241
0.0463241
0.0463241
0.0463241
0.0463241
0.0463241
0.0463241
0.0463241
0.0463241
0.0463241
0.0463241
0.0463241
0.0463241
0.0463241
0.0463241
0.0463241
0.0463241
0.0463241
0.0463241
0.0463241
0.0463241
0.0463241
0.0463241
0.0463241
0.0463241
0.0463241
0.0463241
0.0463241
0.0463241
0.0463241
0.0463241
0.0463241
0.0463241
0.0463241
0.0463241
0.0463241
0.0463241
0.0463241
0.0463241
0.0463241
0.0463241
0.0463241
0.0463241
0.0463241
0.0463241
0.0463241
0.0463241
0.0463241
0.0463241
0.0463241
0.0463241
0.0463241
0.0463241
0.0463241
0.0463241
0.0463241
0.0463241
0.0463241
0.0463241
0.0463241
0.0463241
0.0463241
0.0463241
0.0463241
0.0463241
0.0463241
0.0463241
0.0463241
0.0463241
0.0463241
0.0463241
0.0463241
0.0463241
0.0463241
0.0463241
0.0463241
0.0463241
0.0463241
0.0463241
0.0463241
0.0463241
0.0463241
0.0463241
0.0463241
0.0463241
0.0463241
0.0463241
0.0463241
0.0463241
0.0463241
0.0463241
0.0463241
0.0463241
0.0463241
0.0463241
0.0463241
0.0463241
0.0463241
0.0463241
0.0463241
0.0463241
0.0463241
0.0463241
0.0463241
0.0463241
0.0463241
0.0463241
0.0463241
0.0463241
0.0463241
0.0463241
0.0463241
0.0463241
0.0463241
0.0463241
0.0463241
0.0463241
0.0463241
0.0463241
0.0463241
0.0463241
0.0463241
0.0463241
0.0463241
0.0463241
0.0463241
0.0463241
0.0463241
0.0463241
0.0463241
0.0463241
0.0463241
0.0463241
0.0463241
0.0463241
0.0463241
0.0463241
0.0463241
0.0463241
0.0463241
0.0463241
0.0463241
0.0463241
0.0463241
0.0463241
0.0463241
0.0463241
0.0463241
0.0463241
0.0463241
0.0463241
0.0463241
0.0463241
0.0463241
0.0463241
0.0463241
0.0463241
0.0463241
0.0463241
0.0463241
0.0463241
0.0463241
0.0463241
0.0463241
0.0463241
0.0463241
0.0463241
0.0463241
0.0463241
0.0463241
0.0463241
0.0463241
0.0463241
0.0463241
0.0463241
0.0463241
0.0463241
0.0463241
0.0463241
0.0463241
0.0463241
0.0463241
0.0463241
0.0463241
0.0463241
0.0463241
0.0463241
0.0463241
0.0463241
0.0463241
0.0463241
0.0463241
0.0463241
0.0463241
0.0463241
0.0463241
0.0463241
0.0463241
0.0463241
0.0463241
0.0463241
0.0463241
0.0463241
0.0463241
0.0463241
0.0463241
0.0463241
0.0463241
0.0463241
0.0463241
0.0463241
0.0463241
0.0463241
0.0463241
0.0463241
0.0463241
0.0463241
0.0463241
0.0463241
0.0463241
0.0463241
0.0463241
0.0463241
0.0463241
0.0463241
0.0463241
0.0463241
0.0463241
0.0463241
0.0463241
0.0463241
0.0463241
0.0463241
0.0463241
0.0463241
0.0463241
0.0463241
0.0463241
0.0463241
0.0463241
0.0463241
0.0463241
0.0463241
0.0463241
0.0463241
0.0463241
0.0463241
0.0463241
0.0463241
0.0463241
0.0463241
0.0463241
0.0463241
0.0463241
0.0463241
0.0463241
0.0463241
0.0463241
0.0463241
0.0463241
0.0463241
0.0463241
0.0463241
0.0463241
0.0463241
0.0463241
0.0463241
0.0463241
0.0463241
0.0463241
0.0463241
0.0463241
0.0463241
0.0463241
0.0463241
0.0463241
0.0463241
0.0463241
0.0463241
0.0463241
0.0463241
0.0463241
0.0463241
0.0463241
0.0463241
0.0463241
0.0463241
0.0463241
0.0463241
0.0463241
0.0463241
0.0463241
0.0463241
0.0463241
0.0463241
0.0463241
0.0463241
0.0463241
0.0463241
0.0463241
0.0463241
0.0463241
0.0463241
0.0463241
0.0463241
0.0463241
0.0463241
0.0463241
0.0463241
0.0463241
0.0463241
0.0463241
0.0463241
0.0463241
0.0463241
0.0463241
0.0463241
0.0463241
0.0463241
0.0463241
0.0463241
0.0463241
0.0463241
0.0463241
0.0463241
0.0463241
0.0463241
0.0463241
0.0463241
0.0463241
0.0463241
0.0463241
0.0463241
0.0463241
0.0463241
0.0463241
0.0463241
0.0463241
0.0463241
0.0463241
0.0463241
0.0463241
0.0463241
0.0463241
0.0463241
0.0463241
0.0463241
0.0463241
0.0463241
0.0463241
0.0463241
0.0463241
0.0463241
0.0463241
0.0463241
0.0463241
0.0463241
0.0463241
0.0463241
0.0463241
0.0463241
0.0463241
0.0463241
0.0463241
0.0463241
0.0463241
