0
0
0
0
0
0
0
0
0
0
0
0
0
0
0
0
0
0
0
0
0
0
0
0
0
0
0
0
0
0
0
0
0
0
0
0
0
0
0
0
0
0
0
0
0
0
0
0
0
0
0.08
0.16
0.24
0.312199
0.303765
0.290159
0.271907
0.249642
0.224079
0.196
0.166221
0.135579
0.1049
0.074984
0.04658
0.02037
-0.003049
-0.023175
-0.039612
-0.052078
-0.06041
-0.064557
-0.064585
-0.060668
-0.053077
-0.042175
-0.028398
-0.012242
0.005749
0.025003
0.044936
0.064965
0.084529
0.103098
0.120189
0.135377
0.148303
0.158683
0.16631
0.171062
0.172895
0.171849
0.168036
0.161643
0.152915
0.142153
0.129704
0.115943
0.101271
0.086096
0.070828
0.055861
0.041569
0.028294
0.016338
0.005958
-0.002643
-0.009315
-0.013965
-0.016559
-0.017118
-0.015717
-0.012481
-0.00758
-0.00122
0.006359
0.014894
0.024106
0.033709
0.043416
0.052948
0.062043
0.070457
0.077976
0.084417
0.089634
0.093516
0.095997
0.097046
0.096676
0.094935
0.091908
0.087709
0.082483
0.076394
0.069626
0.062373
0.054835
0.047213
0.039704
0.032492
0.025751
0.019631
0.014263
0.009753
0.006179
0.003593
0.002017
0.001445
0.001846
0.003163
0.005317
0.008209
0.011725
0.015738
0.020111
0.024704
0.029377
0.033991
0.038416
0.04253
0.046224
0.049406
0.052
0.053949
0.055215
0.055781
0.055648
0.054836
0.053384
0.051346
0.048789
0.045793
0.042446
0.038843
0.035082
0.031261
0.027478
0.023824
0.020387
0.017242
0.014455
0.012081
0.010162
0.008725
0.007783
0.007337
0.007373
0.007866
0.00878
0.010067
0.011672
0.013534
0.015588
0.017763
0.019992
0.022206
0.024339
0.026332
0.028129
0.029683
0.030956
0.031917
0.032547
0.032834
0.032777
0.032385
0.031675
0.030672
0.029408
0.027921
0.026253
0.024451
0.022562
0.020636
0.018719
0.016858
0.015095
0.01347
0.012015
0.010759
0.009723
0.008923
0.008365
0.008052
0.007978
0.008132
0.008497
0.00905
0.009765
0.010614
0.011563
0.012579
0.013629
0.014678
0.015694
0.016647
0.017509
0.018256
0.01887
0.019333
0.019635
0.01977
0.019736
0.019537
0.01918
0.018678
0.018043
0.017296
0.016457
0.015547
0.01459
0.013611
0.012632
0.011677
0.010767
0.00992
0.009155
0.008486
0.007923
0.007475
0.007146
0.006937
0.006847
0.006871
0.007
0.007225
0.007532
0.007907
0.008336
0.008801
0.009286
0.009774
0.01025
0.010697
0.011103
0.011454
0.011742
0.011958
0.012096
0.012152
0.012126
0.012018
0.011833
0.011574
0.01125
0.010869
0.01044
0.009975
0.009485
0.008982
0.008477
0.007982
0.007507
0.007063
0.006656
0.006296
0.005987
0.005734
0.00554
0.005405
0.005329
0.005309
0.005343
0.005424
0.005548
0.005706
0.005893
0.006099
0.006317
0.006538
0.006754
0.006959
0.007144
0.007304
0.007434
0.00753
0.007587
0.007605
0.007583
0.007521
0.00742
0.007283
0.007113
0.006915
0.006692
0.006451
0.006197
0.005935
0.005671
0.005411
0.005161
0.004924
0.004705
0.004509
0.004338
0.004194
0.004078
0.003992
0.003936
0.003907
0.003905
0.003927
0.00397
0.004032
0.004108
0.004195
0.004288
0.004384
0.004479
0.004568
0.004649
0.004718
0.004773
0.004811
0.004831
0.004832
0.004814
0.004776
0.004718
0.004643
0.004552
0.004446
0.004328
0.0042
0.004066
0.003927
0.003787
0.003649
0.003515
0.003387
0.003268
0.003159
0.003063
0.00298
0.002911
0.002856
0.002816
0.00279
0.002778
0.002777
0.002788
0.002808
0.002835
0.002868
0.002905
0.002943
0.002982
0.003018
0.00305
0.003077
0.003098
0.00311
0.003114
0.003109
0.003094
0.003069
0.003035
0.002993
0.002942
0.002884
0.00282
0.002751
0.002678
0.002603
0.002527
0.002452
0.002379
0.002309
0.002243
0.002182
0.002127
0.002078
0.002037
0.002002
0.001975
0.001955
0.001941
0.001934
0.001932
0.001935
0.001942
0.001952
0.001964
0.001977
0.00199
0.002003
0.002014
0.002022
0.002027
0.002029
0.002026
0.002019
0.002008
0.001991
0.001971
0.001946
0.001916
0.001884
0.001848
0.00181
0.001769
0.001728
0.001686
0.001645
0.001604
0.001565
0.001527
0.001492
0.00146
0.001432
0.001406
0.001384
0.001366
0.001351
0.00134
0.001332
0.001326
0.001323
0.001323
0.001323
0.001325
0.001328
0.001331
0.001333
0.001335
0.001336
0.001335
0.001333
0.001328
0.001322
0.001313
0.001302
0.001289
0.001274
0.001256
0.001237
0.001217
0.001195
0.001172
0.001149
0.001125
0.001102
0.001079
0.001056
0.001035
0.001014
0.000995
0.000978
0.000962
0.000948
0.000936
0.000926
0.000917
0.00091
0.000905
0.0009
0.000897
0.000895
0.000893
0.000892
0.000891
0.000889
0.000888
0.000886
0.000883
0.00088
0.000876
0.00087
0.000864
0.000856
0.000848
0.000838
0.000828
0.000816
0.000804
0.000791
0.000778
0.000765
0.000751
0.000737
0.000724
0.000711
0.000698
0.000686
0.000675
0.000664
0.000654
0.000645
0.000637
0.00063
0.000624
0.000619
0.000614
0.00061
0.000607
0.000604
0.000601
0.000599
0.000596
0.000594
0.000592
0.000589
0.000586
0.000583
0.00058
0.000575
0.000571
0.000566
0.00056
0.000554
0.000547
0.000541
0.000533
0.000526
0.000518
0.00051
0.000502
0.000493
0.000485
0.000478
0.00047
0.000463
0.000456
0.000449
0.000443
0.000437
0.000432
0.000427
0.000423
0.000419
0.000415
0.000412
0.000409
0.000406
0.000404
0.000402
0.000399
0.000397
0.000395
0.000393
0.00039
0.000388
0.000385
0.000382
0.000379
0.000375
0.000371
0.000367
0.000363
0.000359
0.000354
0.00035
0.000345
0.00034
0.000335
0.00033
0.000325
0.00032
0.000316
0.000311
0.000307
0.000303
0.000299
0.000295
0.000292
0.000288
0.000285
0.000283
0.00028
0.000278
0.000275
0.000273
0.000271
0.000269
0.000268
0.000266
0.000264
0.000262
0.00026
0.000258
0.000256
0.000254
0.000252
0.000249
0.000247
0.000244
0.000241
0.000239
0.000236
0.000233
0.00023
0.000227
0.000224
0.000221
0.000218
0.000215
0.000212
0.000209
0.000206
0.000204
0.000201
0.000199
0.000197
0.000194
0.000192
0.00019
0.000189
0.000187
0.000185
0.000184
0.000182
0.000181
0.000179
0.000178
0.000176
0.000175
0.000174
0.000172
0.000171
0.000169
0.000168
0.000166
0.000164
0.000163
0.000161
0.000159
0.000157
0.000155
0.000153
0.000152
0.00015
0.000148
0.000146
0.000144
0.000142
0.00014
0.000139
0.000137
0.000135
0.000134
0.000132
0.000131
0.000129
0.000128
0.000127
0.000126
0.000124
0.000123
0.000122
0.000121
0.00012
0.000119
0.000118
0.000117
0.000116
0.000115
0.000114
0.000113
0.000112
0.000111
0.00011
0.000108
0.000107
0.000106
0.000105
0.000104
0.000102
0.000101
0.0001
9.9e-05
9.8e-05
9.6e-05
9.5e-05
9.4e-05
9.3e-05
9.2e-05
9.1e-05
9e-05
8.9e-05
8.8e-05
8.7e-05
8.6e-05
8.5e-05
8.4e-05
8.3e-05
8.3e-05
8.2e-05
8.1e-05
8e-05
8e-05
7.9e-05
7.8e-05
7.8e-05
7.7e-05
7.6e-05
7.5e-05
7.5e-05
7.4e-05
7.3e-05
7.2e-05
7.2e-05
7.1e-05
7e-05
6.9e-05
6.8e-05
6.8e-05
6.7e-05
6.6e-05
6.5e-05
6.5e-05
6.4e-05
6.3e-05
6.2e-05
6.2e-05
6.1e-05
6e-05
6e-05
5.9e-05
5.8e-05
5.8e-05
5.7e-05
5.7e-05
5.6e-05
5.5e-05
5.5e-05
5.4e-05
5.4e-05
5.3e-05
5.3e-05
5.2e-05
5.2e-05
5.1e-05
5.1e-05
5e-05
5e-05
4.9e-05
4.9e-05
4.8e-05
4.8e-05
4.7e-05
4.7e-05
4.6e-05
4.6e-05
4.5e-05
4.5e-05
4.4e-05
4.4e-05
4.3e-05
4.3e-05
4.2e-05
4.2e-05
4.1e-05
4.1e-05
4e-05
4e-05
4e-05
3.9e-05
3.9e-05
3.8e-05
3.8e-05
3.8e-05
3.7e-05
3.7e-05
3.6e-05
3.6e-05
3.6e-05
3.5e-05
3.5e-05
3.5e-05
3.4e-05
3.4e-05
3.4e-05
3.3e-05
3.3e-05
3.3e-05
3.2e-05
3.2e-05
3.2e-05
3.1e-05
3.1e-05
3.1e-05
3e-05
3e-05
3e-05
2.9e-05
2.9e-05
2.9e-05
2.8e-05
2.8e-05
2.8e-05
2.7e-05
2.7e-05
2.7e-05
2.6e-05
2.6e-05
2.6e-05
2.6e-05
2.5e-05
2.5e-05
2.5e-05
2.5e-05
2.4e-05
2.4e-05
2.4e-05
2.4e-05
2.3e-05
2.3e-05
2.3e-05
2.3e-05
2.3e-05
2.2e-05
2.2e-05
2.2e-05
2.2e-05
2.1e-05
2.1e-05
2.1e-05
2.1e-05
2e-05
2e-05
2e-05
2e-05
2e-05
1.9e-05
1.9e-05
1.9e-05
1.9e-05
1.9e-05
1.8e-05
1.8e-05
1.8e-05
1.8e-05
1.8e-05
1.7e-05
1.7e-05
1.7e-05
1.7e-05
1.7e-05
1.7e-05
1.6e-05
1.6e-05
1.6e-05
1.6e-05
1.6e-05
1.6e-05
1.5e-05
1.5e-05
1.5e-05
1.5e-05
1.5e-05
1.5e-05
1.4e-05
1.4e-05
1.4e-05
1.4e-05
1.4e-05
1.4e-05
1.4e-05
1.3e-05
1.3e-05
1.3e-05
1.3e-05
1.3e-05
1.3e-05
1.3e-05
1.2e-05
1.2e-05
1.2e-05
1.2e-05
1.2e-05
1.2e-05
1.2e-05
1.2e-05
1.1e-05
1.1e-05
1.1e-05
1.1e-05
1.1e-05
1.1e-05
1.1e-05
1.1e-05
1e-05
1e-05
1e-05
1e-05
1e-05
1e-05
1e-05
1e-05
1e-05
1e-05
9e-06
9e-06
9e-06
9e-06
9e-06
9e-06
9e-06
9e-06
9e-06
9e-06
8e-06
8e-06
8e-06
8e-06
8e-06
8e-06
8e-06
8e-06
8e-06
8e-06
8e-06
8e-06
7e-06
7e-06
7e-06
7e-06
7e-06
7e-06
7e-06
7e-06
7e-06
7e-06
7e-06
7e-06
7e-06
7e-06
6e-06
6e-06
6e-06
6e-06
6e-06
6e-06
6e-06
6e-06
6e-06
6e-06
6e-06
6e-06
6e-06
6e-06
6e-06
6e-06
5e-06
5e-06
5e-06
5e-06
5e-06
5e-06
5e-06
5e-06
5e-06
5e-06
5e-06
5e-06
5e-06
5e-06
5e-06
5e-06
5e-06
