0
0
0
0
0
0
0
0
0
0
0
0
0
0
0
0
0
0
0
0
0
0
0
0
0
0
0
0
0
0
0
0
0
0
0
0
0
0
0
0
0
0
0
0
0
0
0
0
0
0
0
0
0.000920808
0.00362938
0.0089343
0.0174924
0.0289726
0.0429774
0.0590559
0.0767178
0.0954478
0.114721
0.134017
0.152832
0.170696
0.18718
0.201908
0.214563
0.224898
0.232735
0.23797
0.240573
0.240585
0.238115
0.233334
0.22647
0.217798
0.207629
0.196306
0.184189
0.171646
0.159042
0.146731
0.135047
0.124292
0.114736
0.106603
0.100073
0.0952741
0.0922851
0.0911324
0.0917918
0.0941916
0.0982157
0.103709
0.110481
0.118315
0.126975
0.136208
0.145757
0.155365
0.164783
0.173777
0.182131
0.189655
0.196187
0.2016
0.205799
0.208726
0.210359
0.210712
0.209831
0.207796
0.204713
0.200712
0.195945
0.190575
0.184779
0.178738
0.172631
0.166633
0.160911
0.155617
0.150886
0.146833
0.143551
0.141107
0.139546
0.138886
0.139118
0.140212
0.142117
0.144757
0.148045
0.151875
0.156132
0.160695
0.165437
0.170231
0.174955
0.179492
0.183733
0.187582
0.190959
0.193796
0.196044
0.19767
0.198662
0.199021
0.198768
0.197939
0.196584
0.194764
0.192551
0.190027
0.187275
0.184385
0.181445
0.178542
0.175758
0.17317
0.170846
0.168844
0.167212
0.165986
0.165189
0.164833
0.164917
0.165428
0.166342
0.167624
0.169233
0.171118
0.173224
0.175491
0.177858
0.180262
0.182642
0.18494
0.187103
0.189082
0.190835
0.192329
0.193536
0.194441
0.195033
0.195314
0.195291
0.19498
0.194406
0.193596
0.192586
0.191414
0.190122
0.188753
0.18735
0.185958
0.184615
0.183361
0.182231
0.181253
0.180452
0.179847
0.179451
0.17927
0.179306
0.179552
0.179998
0.180629
0.181425
0.18236
0.183409
0.184543
0.185731
0.186943
0.188149
0.18932
0.190429
0.191451
0.192366
0.193157
0.193808
0.194312
0.194663
0.19486
0.194906
0.194809
0.19458
0.194232
0.193781
0.193247
0.19265
0.192011
0.19135
0.190691
0.190051
0.189452
0.188909
0.188439
0.188053
0.187762
0.187572
0.187487
0.187508
0.187633
0.187858
0.188174
0.188573
0.189043
0.189571
0.190144
0.190745
0.191362
0.191977
0.192578
0.193151
0.193683
0.194165
0.194586
0.19494
0.195222
0.195429
0.19556
0.195616
0.195602
0.19552
0.195379
0.195186
0.194949
0.19468
0.194387
0.194082
0.193775
0.193475
0.193194
0.192939
0.192717
0.192536
0.1924
0.192314
0.192278
0.192295
0.192362
0.192479
0.192642
0.192846
0.193086
0.193355
0.193648
0.193956
0.194272
0.19459
0.194901
0.1952
0.19548
0.195736
0.195962
0.196156
0.196315
0.196438
0.196523
0.19657
0.196583
0.196562
0.19651
0.196433
0.196333
0.196215
0.196086
0.195949
0.195809
0.195673
0.195545
0.195428
0.195327
0.195245
0.195186
0.195149
0.195138
0.195152
0.195191
0.195254
0.19534
0.195447
0.195572
0.195712
0.195864
0.196024
0.196189
0.196354
0.196518
0.196676
0.196825
0.196962
0.197085
0.197193
0.197284
0.197356
0.19741
0.197446
0.197464
0.197466
0.197452
0.197424
0.197386
0.197338
0.197283
0.197224
0.197164
0.197105
0.197048
0.196997
0.196954
0.196919
0.196895
0.196883
0.196882
0.196894
0.196918
0.196954
0.197001
0.197058
0.197125
0.197199
0.197279
0.197364
0.197451
0.197539
0.197626
0.197711
0.197791
0.197866
0.197934
0.197995
0.198047
0.198091
0.198125
0.19815
0.198166
0.198174
0.198175
0.198168
0.198155
0.198138
0.198117
0.198094
0.19807
0.198046
0.198023
0.198003
0.197986
0.197973
0.197965
0.197963
0.197966
0.197975
0.197991
0.198012
0.198039
0.198071
0.198107
0.198148
0.198191
0.198237
0.198284
0.198332
0.198379
0.198425
0.198469
0.198511
0.198549
0.198584
0.198614
0.19864
0.198662
0.198679
0.198692
0.198701
0.198705
0.198706
0.198704
0.1987
0.198694
0.198686
0.198678
0.19867
0.198662
0.198655
0.19865
0.198646
0.198645
0.198647
0.198651
0.198659
0.198669
0.198682
0.198698
0.198716
0.198737
0.198759
0.198783
0.198808
0.198834
0.198861
0.198887
0.198912
0.198937
0.198961
0.198983
0.199003
0.199021
0.199037
0.19905
0.199062
0.199071
0.199078
0.199083
0.199087
0.199089
0.199089
0.199089
0.199087
0.199086
0.199084
0.199082
0.199081
0.199081
0.199081
0.199083
0.199085
0.19909
0.199095
0.199102
0.19911
0.19912
0.199131
0.199143
0.199156
0.199169
0.199184
0.199198
0.199213
0.199228
0.199243
0.199257
0.19927
0.199283
0.199295
0.199306
0.199316
0.199325
0.199332
0.199339
0.199344
0.199349
0.199352
0.199355
0.199357
0.199358
0.199359
0.19936
0.199361
0.199362
0.199363
0.199364
0.199366
0.199368
0.19937
0.199374
0.199378
0.199382
0.199388
0.199394
0.1994
0.199408
0.199415
0.199423
0.199432
0.19944
0.199449
0.199457
0.199466
0.199474
0.199482
0.19949
0.199497
0.199503
0.199509
0.199515
0.19952
0.199525
0.199528
0.199532
0.199535
0.199537
0.199539
0.199541
0.199543
0.199544
0.199546
0.199547
0.199549
0.19955
0.199552
0.199554
0.199556
0.199559
0.199562
0.199565
0.199569
0.199573
0.199577
0.199581
0.199586
0.199591
0.199595
0.199601
0.199606
0.199611
0.199616
0.199621
0.199626
0.19963
0.199635
0.199639
0.199643
0.199646
0.19965
0.199653
0.199655
0.199658
0.19966
0.199662
0.199664
0.199666
0.199667
0.199669
0.19967
0.199671
0.199673
0.199674
0.199676
0.199677
0.199679
0.199681
0.199683
0.199685
0.199688
0.19969
0.199693
0.199695
0.199698
0.199701
0.199704
0.199707
0.19971
0.199713
0.199717
0.19972
0.199722
0.199725
0.199728
0.199731
0.199733
0.199735
0.199738
0.19974
0.199741
0.199743
0.199745
0.199746
0.199748
0.199749
0.19975
0.199752
0.199753
0.199754
0.199755
0.199756
0.199757
0.199759
0.19976
0.199761
0.199763
0.199764
0.199766
0.199767
0.199769
0.199771
0.199773
0.199775
0.199776
0.199778
0.19978
0.199782
0.199784
0.199786
0.199788
0.19979
0.199791
0.199793
0.199795
0.199796
0.199798
0.199799
0.1998
0.199801
0.199803
0.199804
0.199805
0.199806
0.199807
0.199808
0.199808
0.199809
0.19981
0.199811
0.199812
0.199813
0.199814
0.199815
0.199816
0.199817
0.199818
0.199819
0.19982
0.199821
0.199822
0.199823
0.199825
0.199826
0.199827
0.199828
0.199829
0.199831
0.199832
0.199833
0.199834
0.199835
0.199836
0.199837
0.199838
0.199839
0.19984
0.199841
0.199841
0.199842
0.199843
0.199844
0.199844
0.199845
0.199846
0.199846
0.199847
0.199848
0.199848
0.199849
0.199849
0.19985
0.199851
0.199851
0.199852
0.199853
0.199854
0.199854
0.199855
0.199856
0.199857
0.199857
0.199858
0.199859
0.19986
0.19986
0.199861
0.199862
0.199863
0.199863
0.199864
0.199865
0.199865
0.199866
0.199866
0.199867
0.199868
0.199868
0.199869
0.199869
0.19987
0.19987
0.199871
0.199871
0.199871
0.199872
0.199872
0.199873
0.199873
0.199874
0.199874
0.199875
0.199875
0.199876
0.199876
0.199877
0.199877
0.199878
0.199878
0.199879
0.199879
0.19988
0.19988
0.19988
0.199881
0.199881
0.199882
0.199882
0.199883
0.199883
0.199884
0.199884
0.199884
0.199885
0.199885
0.199886
0.199886
0.199886
0.199887
0.199887
0.199887
0.199888
0.199888
0.199888
0.199889
0.199889
0.199889
0.199889
0.19989
0.19989
0.19989
0.199891
0.199891
0.199891
0.199892
0.199892
0.199892
0.199893
0.199893
0.199893
0.199893
0.199894
0.199894
0.199894
0.199895
0.199895
0.199895
0.199896
0.199896
0.199896
0.199896
0.199897
0.199897
0.199897
0.199897
0.199898
0.199898
0.199898
0.199898
0.199899
0.199899
0.199899
0.199899
0.199899
0.1999
0.1999
0.1999
0.1999
0.199901
0.199901
0.199901
0.199901
0.199901
0.199902
0.199902
0.199902
0.199902
0.199903
0.199903
0.199903
0.199903
0.199903
0.199904
0.199904
0.199904
0.199904
0.199904
0.199904
0.199905
0.199905
0.199905
0.199905
0.199905
0.199905
0.199906
0.199906
0.199906
0.199906
0.199906
0.199906
0.199906
0.199907
0.199907
0.199907
0.199907
0.199907
0.199907
0.199907
0.199908
0.199908
0.199908
0.199908
0.199908
0.199908
0.199908
0.199909
0.199909
0.199909
0.199909
0.199909
0.199909
0.199909
0.19991
0.19991
0.19991
0.19991
0.19991
0.19991
0.19991
0.19991
0.19991
0.199911
0.199911
0.199911
0.199911
0.199911
0.199911
0.199911
0.199911
0.199911
0.199912
0.199912
0.199912
0.199912
0.199912
0.199912
0.199912
0.199912
0.199912
0.199912
0.199913
0.199913
0.199913
0.199913
0.199913
0.199913
0.199913
0.199913
0.199913
0.199913
0.199913
0.199914
0.199914
0.199914
0.199914
0.199914
0.199914
0.199914
0.199914
0.199914
0.199914
0.199914
0.199914
0.199914
0.199914
0.199915
0.199915
0.199915
0.199915
0.199915
0.199915
0.199915
0.199915
0.199915
0.199915
0.199915
0.199915
0.199915
0.199915
0.199915
0.199915
0.199915
0.199916
0.199916
0.199916
0.199916
0.199916
0.199916
0.199916
0.199916
0.199916
0.199916
0.199916
0.199916
0.199916
0.199916
0.199916
0.199916
0.199916
0.199916
0.199916
0.199917
0.199917
0.199917
0.199917
0.199917
0.199917
0.199917
0.199917
0.199917
0.199917
0.199917
0.199917
0.199917
0.199917
0.199917
0.199917
0.199917
0.199917
0.199917
0.199917
0.199917
0.199917
0.199917
0.199918
0.199918
0.199918
0.199918
0.199918
0.199918
0.199918
0.199918
0.199918
0.199918
0.199918
0.199918
0.199918
0.199918
0.199918
0.199918
0.199918
0.199918
0.199918
0.199918
