5613.69
5069.18
6207.95
6399.81
5321.46
5384.24
5624.45
6292.48
5536.82
6845.41
5534.94
5490.57
5832.18
5647.09
5454.66
7396.04
6001.68
5722.44
5067.42
7207.44
5237.65
6141.19
5492.37
5331.5
5171.66
5911.84
6213.99
5563.61
6127.74
5930.49
7499.18
6227.41
6373.1
5985.81
5109.59
5733.95
5029.79
5208.59
6429.69
5565.47
5287.89
5250.6
6084.69
5067.59
5294.31
5459.76
5449.55
6243.28
5206.81
5712.65
5732.52
5475.4
5769.01
6020.33
5168.91
5424.45
5080.48
5732.59
5847.66
5113.37
5667.19
5756.06
7297.81
5114
5851.4
5479.02
5187.29
6670.76
5094.15
6466.9
5649.4
5661.4
5524.55
5459.19
5653.5
5377.9
6006.82
5386.56
5549.14
5621.87
6074.68
6078.48
5323.89
5283.66
6113.67
6083.01
5901.79
5648.08
5696.86
5488.91
5869.81
6202.77
5179.84
5309.64
5440.58
5481.94
5848.38
6364.85
5134.71
6151.84
5258.11
5890.89
5940.25
5232.88
5450.35
5631.51
5526.41
6002.23
5383.53
5430.45
5936.54
6362.87
5420.82
5455.14
5116.68
6872.92
5333.14
6117
5196.2
6055.69
5281.69
6399.73
5358.66
5367.97
5526.04
5437.46
5291.31
5248.96
6908.18
6368.54
6775.9
5470.7
7150.42
5509.67
5408.88
6371.54
7325.89
5116.45
5490.02
6044.56
5435.6
5154.6
5288.68
5840.79
5232.2
5404.77
5283.72
6730.47
5649.63
6073.13
5241.64
5642.31
5504.99
5317.64
6764.37
6386.71
6734.88
5139.47
5157.82
6348.91
5975.02
5786.67
5413.17
5757
5438.9
6768.03
5367.48
6196.75
5176.5
5715.04
5526.18
6715.31
5457.32
6226.97
5362.61
5750.12
5149.3
5985.7
5380.06
6628.6
5288.61
5271.62
6542.89
7167.05
5784.63
5279.74
6086.04
5216.92
5212.34
6616.08
5706.85
5725.24
5110.27
5866.49
5471.4
5432.47
5143.98
5167.68
5883.71
5483.63
5052.53
5158.6
5177.98
5459.86
5203.6
5193.07
5416.78
6064.89
5306.18
6174.77
5534.75
5501.61
5699.52
5765.74
5727.65
6026.39
6346.03
5655.37
5073.21
5258.26
5436.39
6147.27
5433.67
6987.71
5396.75
6927.8
5750.51
5795.14
6534.25
5216.48
5749.55
5590.17
5188.99
5163.79
5153.45
5933.77
5663.17
5255.79
6175.16
5942.94
5731.12
6171.72
5266.98
5835.16
5723.22
5216.59
5116.23
5921.89
5526.06
5760.49
5275.48
5461.43
5838.75
6038.06
5688.15
5559.73
5523.3
5116.7
6892.85
5682.68
5804.75
5702.65
6509.26
5457.57
5944.16
6177.76
5307.53
5996.12
5436.07
5664.13
6315.21
5884.56
5339.21
5518.85
5559.34
5478.76
6688.8
5938.4
5539.16
5824.53
6436.22
5808.13
5970.87
5365.01
6715.5
7529.86
6514.54
5530.73
5565.52
5609.42
5418.05
5719.27
5311.86
6670.53
6146.3
5554.71
7563.58
5255.14
5345.6
5816.97
5348.18
6762.77
5434.89
5244.26
6972.05
6198.07
5688.5
5166.97
5594.63
6102.85
7475.41
7802.08
5640.44
5887.19
5322.79
5854.09
5646.85
5154.66
6235.12
5540.53
6469.62
6966.37
5106.34
5418.14
6434.34
5839.79
5868.39
5926.28
5283.33
6252.01
6311.85
5316.18
6312.53
5354.63
5338.7
5190.54
5116.92
5275.15
6733.98
6380.86
5618.07
5346.56
5433.1
8236.29
5595.38
5539.19
5540.97
5776.57
5480.68
5803.64
5234.32
6211.92
8078.78
5528.38
6618.9
5501.54
5498.63
6445.18
5269.32
5233.79
7381.14
6371.27
5374.94
5454.81
5092.2
6174.29
5424.49
5601.19
5846.83
6249.2
6054.56
5478.71
5462.53
5500.31
5336.42
5894.55
6738.58
6338.65
5813.68
6403.54
5597.16
6332.4
5368.08
6467.4
6727.45
5568.11
5175.36
5376.79
6967.52
5723.13
5723.58
6710.32
5677.83
6913.89
5646.62
5682.51
5112.39
5917.51
6023.47
5869.25
6255.65
6209.2
5588.33
5961.81
5422.72
5062.58
6012.45
5277.61
6105.39
5377.47
5358.84
6004.82
5483.28
5592.39
7092.47
5616.62
5630.3
5260.85
6303.3
5255.14
5220.32
5165.66
5391.34
5343.44
5959.95
5119.49
5318.13
5906.45
5360.97
5496.83
5121.01
5069.75
7164.55
5530.4
5242.05
6201.16
5477.73
5142.69
7258.1
5149.51
6173.62
5773.62
5074.36
5250.53
5552.31
5622.29
5712.73
5921.52
5313.51
5099.05
5753.7
5760.17
6053.81
5644.89
5629.93
6535.18
5387.66
8257.06
5654.79
5555.01
5832.83
5253.69
6270.9
7112.69
5070.01
6021.64
5814.37
6054.72
5327.67
6164.49
5360.6
5539.39
6127.76
5970.69
6687.77
10321.3
6685.15
5284.57
5834.07
6189.99
5512.38
5410.29
5611.58
5613.73
5177.94
5744.4
6429.33
5287.71
5439.99
5191.98
5614.78
6398.21
5802.09
5648.45
5462.26
5779.77
5650.88
5295.6
6630.08
5277.49
7920.48
5711.09
5563.73
6602.54
5390.49
6220.05
6964.37
5928.52
8386.79
6478.6
5225.62
5338.84
5713.1
5254.18
6915
5479.51
5957.05
5253.42
7388.7
6177.77
6593.76
5651.19
5527.53
5659.2
5997.07
5482.54
5454.96
5379.86
5620.45
6597.42
8481.03
5651.74
5900.51
5438.87
5531.3
5349.65
5724.82
5306.6
6205.05
6023.47
5501.09
5491.05
6465.06
5276.43
5756.19
5413.21
5885.56
5481.21
6240.49
5306.02
5980.07
6990.83
5201.23
5685.08
5233.15
5617.58
5831.5
6305.42
6013.57
5677.6
5912.14
5288.25
5961.73
5494.68
6097.67
5231.15
5315.06
6017.66
5810.45
5642.13
5317.46
5209.62
6987.16
6194.22
5269.96
5998.05
5518.55
6084.84
5858.65
5685.52
6174.45
6186.82
7031.49
6161.98
5659.98
7652.94
5560.21
6209.58
5368.95
5428.96
5119.09
5212.32
6050.18
5300.14
5307.69
5209.33
5925.38
5809.52
5328.99
5584.79
5560.09
6982.24
5841.76
7811.07
5300.4
6030.69
5259.52
5190.42
5868.45
5716.18
6292.48
9255.71
5272.5
5603.08
5672.89
5816.44
6036.36
5335.41
5450.17
5376.84
6147.38
6154.43
5297.66
5430.78
7481.86
5678.69
7550.39
5478.68
5607.04
7649.16
5574.46
5790.99
5743.14
6687.75
5552.31
5209.36
6411.14
6615.43
5140.07
5355.6
5835.57
6686.74
5729.34
5197.82
5808.63
5402.96
5188.51
5963.63
5829
5265.86
8154.43
5368.53
5676.29
5249.56
7167.77
5766.68
5635.92
6123.02
5877.78
5326.21
6472.96
5843.15
5148.06
6355.89
6755.97
5251.99
5197.38
6606.91
5435.69
6104.51
5894.92
5173.85
5783.46
5804.71
5917.29
5325.84
5912.07
5926.12
5502.46
6048.08
5056.52
5329.85
5564.83
6352.67
5726
5602.28
5092.41
6120.35
5960.84
5390.72
5906.26
5429.47
5288
6072.07
5585.62
5447.06
5327.07
5427.61
5447.36
5326.36
5458.1
5327.68
5593.49
6132.07
6025.69
6270.47
5219.52
5420.61
5648.32
6147.82
6612.01
5896.92
6180.98
6264.17
5928.66
5183
5420.47
5722.83
5799.7
5589.64
5480.36
6092.54
6051.82
5244.71
6135.86
5718.7
6068.77
5202.14
5843.17
6038.27
5933.3
5881.78
5226.05
5193.55
5975.21
5914.8
5294.39
5877.63
5318.84
5839.41
5599.72
5741.61
6195.36
7495.5
7266.51
5098.97
5978.56
5484.23
5188.74
5989.84
5911.62
6465.87
6735.54
5865.07
6131.04
5651.72
8007.63
5759.77
6271.93
6365.2
5045.98
5843.69
5324.1
5095.66
5930.8
5477.72
6001.57
5753.7
5618.43
5069.51
5348.95
6791.4
6935.1
7382.75
5269.18
5510.13
6672.92
5657.96
5592.67
5249.14
5956.97
5322.25
5147.13
5743.35
6095.29
6082.5
5077.56
5558.34
5204.84
6104.07
6662.22
6167.78
6602.37
6159.16
5351.73
5767.22
6319.58
5544.56
5710.72
5607.44
6312.3
5629.12
5502.31
5523.53
5807.85
5345.72
6095.4
6121.08
6495.17
6632.99
5918.62
5025.56
6422.37
5475.06
6935.85
6038.09
5767.59
5535.04
5507.61
5387.78
5318.83
5251.79
5037.65
5243.78
5540.5
5490.2
6030.56
5893.53
5885.41
6041.46
6985.37
5244.29
5134.68
5665.48
5158.85
5265.57
6185.25
5955.98
5390.44
5227.31
5313.14
6550.18
5324.19
6083.1
5123.39
5968.43
5511.05
5433.98
6771.87
6768.69
6917.1
5772.05
5506.25
6206.63
5245.95
6516.61
6026.48
5766.12
5627.59
8566
5972.07
5016.28
6102.4
6127.6
5596.05
5833.33
6157.7
5364.9
6169.62
5194.72
6983.04
5125.74
5230.21
5061.98
5322.66
5277.47
5986.75
5539.16
5906.66
5395.9
6100.06
6997.31
5519.82
5228.49
5938.5
5523.1
5588.57
5389.77
6468.43
5672.99
5828.68
6133.92
5333.64
5596.1
5543.94
6104.1
6524.13
6297.96
5211.12
5503.86
5771.21
5184.84
5270.57
5685.57
5902.76
5758.28
5952.46
5061.27
5457.28
5800.88
6311.7
5863
6373.04
5411.36
5117.21
5114.4
5435.19
6994.02
5137.07
5658.67
5996.14
8619.29
5656.65
5619
6108.72
5228.48
5571.08
7107.78
6203.92
5281.21
5271.78
6058.36
5351.44
6066.73
5649.09
7203.75
6312.75
5610.67
5117.81
5553.59
5537.56
7247
6473.99
5127.98
5869.75
5884.33
6140.26
5690.65
5594.85
5613.04
5339.75
5441.18
6582.38
6587.64
5757.09
5742.27
6128.37
5220.42
6493.07
5430.67
6133.51
6231.88
5507
6034.31
7245.44
5436.14
5778.6
5544.6
7142.89
6723.81
5307.53
6111.7
5072.64
6218.39
6791.45
5592.65
5783.36
6197.18
5841.09
6136.25
6651.12
6196.65
5286.13
7014.42
5917.58
5203.78
6512.98
5468.34
5626
5985.09
5944.98
5336.67
6354.45
6009.32
5770.16
5255.64
5229.54
6385.24
5532.3
5466.68
