5141.03
5035.18
5748.51
6412.27
5573.43
5702.23
7451.29
5993.02
6842.07
5690.11
5321.02
6143.65
5525.54
6053.41
5528.16
5602.03
6701.34
5341.53
6226
7484.51
5579.33
6299.51
5993.1
6531.85
5194.65
6398.13
5886.71
5751.94
5081.5
5616.99
5015.06
5022.33
5004.26
5785.31
5371.31
5649.71
9333.85
5130.69
5299.77
5235.17
8624.82
6144.65
5181.43
6279.67
6359.75
5111.14
7737.09
5243.84
6586.47
5931.41
5042.3
5303.51
5032.15
7021.28
7904.98
6122.47
5881.93
6779.37
6099.76
5032.17
6478.54
5328.65
5261.72
5131.19
5401.61
5173.85
7279.42
5883.97
6269.11
6676.9
5079.93
6581.23
5083.73
5881.1
6712.18
5406.93
5726.77
6096.53
5467.38
5890.18
5110.46
6272.23
5584.06
7657.69
5976.15
5032.8
7275.41
5318.06
8220.25
6105.35
5111.56
6112.77
5186.28
7649.61
5958.58
6063.14
5138.81
5571.59
5377.76
5267.46
5152.2
8667.78
7703.14
5026.34
7176.83
5595.51
7295.29
5321.4
5677.68
8268.08
5721.05
6135.41
5953.22
6310.71
5758.99
7500.76
5173.58
5563.57
7537.49
5098.32
5115.5
5667.57
8412.39
5747.18
5167.51
5405.82
5675.55
5180.81
5796.79
5470.07
7673.29
5032.87
6232.37
5187.81
5305.37
5780.44
5323.51
6589.82
5818.96
5176.28
5679.75
5859.53
5179.95
5433.66
5044.38
9194.52
5219.98
5908.08
5544.82
5623.68
5005.2
7564.75
8615.69
6354.8
7896.98
8093.37
5228.06
5924.73
6141.76
8175.21
6806.95
5572.3
5635.5
5200.87
7024.11
5162.96
5168.49
5360.78
5614.04
6303.62
5033.51
7938.04
6033.63
5777.74
5481.59
5266.59
5053.27
6524.06
6683.56
5957.44
5896.23
5205.64
6085.24
5024.59
5255.89
5433.51
5341.48
5389.95
8978.65
5218.05
6363.02
8192.11
8294.73
5101.88
5066.82
6066.1
5131.33
5207.12
7677.93
6075.48
5124.97
5709.56
5256.36
6949.79
5268.66
5388.49
6503.83
6483.64
6468.74
6271.69
5025.08
6700.79
5163.37
5048.34
6077.38
5105.84
6361.94
5193.35
5002.04
6627.76
5560.63
5147.13
5169.74
5735.82
7321.09
7058.71
7014.1
5861.76
5663.64
5274.16
5068.36
5685.6
7756.77
5001.97
5603.1
5137.01
5070.76
5286.02
6979.02
7321.54
7009.19
5181.94
5546.27
6001.19
5644.66
5219.35
6447.18
5167.4
6204.56
5666.09
5011.07
5377.76
5936.12
6780.27
5027.17
6399.65
5802.94
7012.19
6418.2
5093.59
6141.17
6956.01
5569.05
6230.41
5100.9
5457.36
6667.07
7450.6
6953.86
5297.08
5848.01
5743.15
6861.31
5019.2
5051.4
5646.3
5061.51
5242.8
5249.81
5048.2
6022.08
8079.47
6568.37
6742.43
5151.74
5842.14
5993.94
5065.39
7990.78
5601.8
5492.73
5451.95
5087.24
5273.74
5887.17
5578.03
5157.86
7011.29
5329.74
5763.37
5837.25
5312.43
5325.6
5922.16
6710.12
5038.44
5088.46
7882.21
5068.78
5740.28
5421.1
6910.01
5599.1
5882.83
6338.67
5460.11
5072.21
7063.38
5102.18
7953.62
5117.65
5003.92
5014.57
5442.49
5386.68
5285.6
6722.82
5358.17
6387.06
5944.15
5311.82
9782.13
6817.5
5320.09
5167.22
5216.31
5468.01
5341.94
7355.82
5250.2
7308.13
6564.61
5797.86
5327.32
5434.11
5503.3
5851.51
5305.8
5280.19
5659.34
5745.4
7946.85
5091.62
10399.4
5255.64
5512.97
6633.8
5981.95
5831.34
6420.07
5566.8
5035.65
5717.6
5230.75
5454.19
8826.73
5947.88
6329.67
5775.43
5311.09
5100.7
5570.93
5487.17
5053.2
5372.28
9517.23
6110.86
7042.7
6331.52
6412.45
6137.37
5429.7
5821.16
5326.47
5653.02
5842.25
5019.07
6285.95
5229.02
5046.01
5253.36
5964.55
8233.84
5449.41
5834.86
5529.9
5781.35
5674.97
7050.1
5795.6
5223.72
5084.01
5089.47
5247.86
5856.35
7599.78
5976.46
5151.21
5545.03
5495.31
5133.74
5334.33
6480.38
6026.34
7010.26
7569.49
5571.49
5472.37
5325.61
6323.74
5712.22
5090.39
5007.28
5969.77
6518.66
5288.29
6863.17
6685.15
5873.08
7416.79
5555.3
5106.14
5539.67
5541.35
7763.65
6076.23
9995.76
6061.13
5524.13
5618.82
6703.95
6728.67
5132.93
6776.3
5135.2
5832.6
5464.77
6684.78
5277.74
5604.44
6503.11
5234.77
7281.76
5020.74
5662.51
7237.25
5001.02
5146.99
5091.03
6107.63
7064.92
6332.38
6363.57
8591.49
6405.97
5776.45
5991.89
6780.29
6126.65
5127.32
5980.18
6659.92
5414.43
5397.12
5338.95
5118.75
7954.32
5972.02
5254.77
6777.04
6064.57
5913.98
6695.53
5786.78
8425.82
5451.54
5115.62
6146.08
5037.35
5190.53
5494.98
7160.45
7999.74
6364.18
5430.45
5128.42
5410.97
6248.49
5966.53
5264.71
8169.56
7374.59
8127.7
5232.81
5995.4
7455.93
5662.9
5040.07
5097.17
5187.38
7905.73
5919.95
5566.81
5595.71
5531.46
5698.21
5209.21
5904.84
5853.23
5354.99
5451.17
5645.1
5133.17
8917.72
5306.32
6018.79
6932.62
5538.92
5169.65
7383.65
5236.22
6949.86
5454.15
5146.25
6067.59
5375.5
5791.79
9341.46
5244.25
5957.82
6048.46
5045.44
6726.9
5648.04
5765.41
5763.34
5084.2
6269.58
5785.36
5006.57
6924.39
7311.29
5801.4
5053.72
5540.68
6466.06
5245.22
7628.39
6239.47
5557.23
5285.71
6613.32
8487.39
7053.2
5178.43
5163.83
5703.61
6994.58
6863.31
6897.54
5558.73
6594.75
7245.37
5080.82
5381.89
5415.7
5468.12
8856.99
5229.16
5063.56
5091.01
5241.09
5242.14
5213.45
5215.11
5270.66
5676.5
5278.24
6266.04
5160.88
7054.65
7491.31
5090.44
5625.35
5383.99
7987.61
6963.77
5132.17
5715.26
5510.54
6304.89
5913.81
5808.04
7341.86
7469.3
5479.64
6039.48
5191.7
5521.48
6019.94
6536.64
7858.65
5173.12
5822.04
5379.92
5365.25
5188.69
7430.61
9139.39
5296.56
5639.43
6562.38
5369.64
5417.98
9590.1
6817.25
6632.85
5400.76
8588.32
6305.62
5082.85
5336.92
6456.43
5087.76
5093.76
6240.43
6147.61
7093.68
5000.09
5245.15
5390.21
8545.48
5508.19
5066.6
5045.13
8689.53
5324.3
5225.41
5338.28
11520
5012.33
8991.32
7044.31
5258.45
5526.2
6449.07
5687.68
5016.27
5272.31
6616.69
6102.62
5420.96
5592.24
5109.86
8877.42
5660.28
6101.05
5913.1
6002.7
5881.19
5175.79
6181.06
5594.03
5004.89
6497.58
5168.14
5280.25
6136.65
5479.9
5190.3
6749.36
5731.89
5532.64
6504.94
5298.15
5125.79
5305.7
5233.4
8563.37
6254.49
6271.97
5736.36
5906.84
6672.62
5673.66
5240.68
6417.68
5448.84
7218.49
5130.13
5938.74
5256.94
5845.13
5098.23
5187.83
6328.46
5495.1
5125.02
5675.7
5418.78
5049.75
7024.05
5625.22
5040.41
6859.04
5710.67
6008.46
9335.39
5937.88
5330.2
5447.56
5545.46
6262.96
5071.63
5908.98
7073.13
5026.74
8131.6
7992.18
6587.26
5380.81
6269.75
6275.88
6455.72
5820.34
7116.58
5290.86
5548.48
5016.91
5718.03
5085.27
7662.74
6109.6
5080.84
5120.74
5682.33
6294.06
6239.05
5427.35
5024.65
5804.49
5861.39
5029.2
9059.03
5090.64
5996.8
5145.5
5001.87
6063.22
5509.87
5145.32
8214.47
5053.96
6458.63
8342.22
6014.66
5106.09
8155.43
5451.15
5795.8
5172.01
8396.01
5087.36
5461.84
5453.46
7129.82
5641.29
10247
5761.05
7305.08
6345.54
6268.58
8800.83
6027.19
5070.98
5296.22
5607.34
6073.92
6084.43
5740.1
5961.31
5415.4
6066.83
5343.98
5175.5
5753.52
5795.37
5691.67
6364.65
5383.23
5115.09
5679.03
7595.1
5006.93
5138.82
5536.6
6378.86
5721.59
5970.64
6319.35
5092.78
5029.18
5539.26
7943.17
5046.86
5322.86
6116.36
5216.23
7525.3
5682.32
6357.39
5146.66
6367.37
5796.02
5371.17
6253.58
5243.56
6831.53
5242.36
5507.1
5165.82
5866.2
5078.65
5563.55
5563.9
5184.48
8031.37
5725.04
6649.54
5184.77
6207.91
7981.02
5761.43
5282.84
6161.57
6359.71
7023.35
5315.77
5729.76
5223.59
10530.2
5117.69
6882.21
5711.29
7726.56
5339.32
5135.84
5969.16
5143.69
5131.93
6991.99
5308.07
5122.9
5497.08
5370.89
6288.65
5608.65
6100.81
6071.41
7658.52
5291.59
5688.06
5190.9
5608.3
7199.79
5825.13
5231.29
7648.01
5604.5
6037.97
5780.45
5667.05
6443.5
5811.98
5004.45
5244.64
6650.54
5632.28
5028.49
6822.88
5280.69
5887.24
5309.63
5136.64
5501.12
5011.08
5964.2
5768.5
5209
5333.53
5692.4
5673.31
5101.89
5613.87
5036.34
5264.22
5139.67
5491.35
5874.44
6069.21
5047.34
5446.68
5004.74
6182.02
6690.67
6540.32
5440.61
5038.76
5005.96
5109.4
5740.58
6581.24
5579.98
6614.75
5262.21
7163.33
5152.4
5712.02
5184.19
6828.68
5281.83
5355.4
5036.31
6419
5195.82
7390.78
6526.95
5042.96
6959.56
6150.45
7051.62
5590.32
5926.88
5325.95
5417.72
5225.68
5349.94
11925.2
8107.28
5675.79
5443.93
5877.56
5808.55
5458.47
5871.79
5692.88
5453.58
5192.88
6159.87
5553.43
6009.94
6338.4
7822.85
6439.93
6024.71
5776.9
5927
5722.91
5039.27
5489.04
5364.18
6542.52
5117.92
5377.01
7042.11
5340.59
5365.45
5195.03
5359.19
6083.18
5383.22
6025.3
5839.54
5715.52
5529.05
5838.39
5071.52
6481.27
5849.39
6301.79
5730.21
7873.29
5064.05
5772.65
5251.07
5672.68
5970.44
5325.3
5536.96
5652.26
