7728.65
7665.52
5397.85
7160.28
7279.42
5484.74
6166.21
6870.68
5847.83
5239.21
6055.72
8110.22
5992.28
7319.46
5607.53
6972.27
8088.17
6308.4
6145.86
5722.9
5958.03
6764.39
5334.12
6713.28
6583.62
5746.81
5813.81
5592.15
7895.94
5739.84
6857.74
6401.87
5730.8
5465.07
5352.43
5862.22
6343.08
8079.73
6095.13
6809.15
6465.83
5464.36
5970.34
8780.13
5174.45
6419.83
5547.45
5615.75
7919.6
5999.03
6225.75
8782.68
8408.51
6689.6
6944.04
5250.59
7597
5854.16
5697.71
5944.46
6239.43
7528.89
8045.57
6417.25
6634.31
6053.53
5738.59
7126.82
6122.99
6163.4
6143.19
7700.73
5857.27
10381.8
6604.62
7536.15
5612.57
6269.95
5442.43
6996.36
5740.39
5765.45
5767.78
6807.87
6127.21
5327.8
5570.05
6525.44
5703.32
6888.46
5185.26
6570.13
6483.7
7638.44
5121.64
6781.12
6859.19
6497.98
6388.4
7885.85
6672.94
5593.87
6033.92
5782.2
8516.57
5728.97
5213.99
5425.31
6450.44
5782.69
5847.76
5810.7
5551.38
5830.08
5136.09
8619.1
7983.69
6150.01
5728.74
5228.05
7174.65
5478.72
6829.81
6413.16
9228.87
5081.44
8112.61
5293.78
11371.3
6990.41
6449.06
6500.51
6380.05
7327.84
6710.39
6211.6
8658.94
5495.83
5834
5476.35
9026.77
5469.4
5798.09
6641.73
6775.98
5228.35
7024.89
5988.86
5643.06
6056.89
6340.03
6802.21
6011.48
6839.58
6976.38
5517.02
6290.85
6132.68
6319
5315.67
5532.45
5082.23
7043.12
6727.66
5371.54
5872.55
6472.26
6167.92
5857.2
6293.25
5188.41
5582.3
6677.9
6276.36
5673.85
6720
5322.39
5386.57
7152.54
6043.76
6254.44
8919.09
5297.31
7034.71
7240.97
5845.55
6584.82
5947.69
7642.1
5115.57
5606.29
6359.23
5478.2
10367.4
6026.31
5660.54
5843.8
7489.2
6670.49
6209.88
5328.66
6728.16
5266.73
6442.33
7763.46
7786.5
6292.25
5977.98
5360.59
10536.4
6802.44
7417.2
7339.38
8230.43
5773.25
6005.75
5450.8
6678.68
5906.77
6037.9
5249.28
10861.6
5444.15
8001.21
7660.47
5988.07
5798.39
6442.02
6309.89
5264.14
5601.07
7012.47
5784.64
5943.48
8455.92
5265.1
7379.31
5095.8
5330.29
7210.21
5665.02
6169.88
5618.84
5923.97
6108.09
6312.69
6506.07
5669.15
7575.57
6267.77
6718.84
5166.3
6191.58
8354.46
5359.81
6117.78
6991.66
7403.73
5797.12
6408.22
6535.67
5716.88
7900.88
5465.47
5605.33
5249
5591.45
8247.14
6362.86
8441.9
6678.16
6352.24
6083.51
5658.22
5556.58
6010.88
6586.93
7171.33
6521.36
5865.08
8127.15
6322.09
6383.62
5626.03
6554.49
7415.69
5993.51
5985.05
6551.99
9942.79
5572.3
5766.06
7312.07
6347.67
5842.7
7470.9
6309.34
7501.95
7690.57
6484.59
6824.77
7143.19
10345.4
9558.99
5192.93
6980.27
6117.91
5765.61
5948.85
7353.99
6427.53
6052.49
7984.81
6963.69
5668.02
6078.09
5905.7
5931.68
6409.7
5599.68
6026.08
6305.35
5204.73
5633.82
9626.21
5649.65
8090.8
6531.79
7950.86
5664.12
9599.05
5457.59
7798.82
5531.32
5744.51
6485.32
5479.26
7731.32
5933.58
5089.96
7741.67
6123.62
5993.89
6924.35
5866.85
6861.15
6577.59
6373.97
8882.31
9778.34
5282.87
6297.95
7385.99
10516.8
7940.82
5911.4
7849.01
5964.98
6607.37
6523.25
6606.36
6215.07
6742.72
6214.35
5354.33
5864.5
6277.65
7493.07
5814.33
6654.08
8142.62
6926.79
7094.44
5592.98
5354.33
6970.06
5656.63
6945.91
5877.59
6540.34
6233.99
5735.27
6064.47
6042.67
5059.44
7728.06
6146.05
6103.14
7163.87
9127.75
6438.31
6300.67
6232.06
6177.28
5200.36
6697.84
8053.6
5503.08
6333.12
6293.88
5935.62
8844.27
5332.64
6336.59
7709.45
8678.21
5245.56
5991.05
6994.22
8210.31
7456.18
7199.6
6303.2
5522.85
6469.58
6800.76
7107.22
6569.03
6733.08
8111.92
6928.09
6734.4
6770.31
5912.01
6452.71
5667.55
8353.43
7547
5263.06
6048.47
9205.04
6227.48
5198.47
6429.91
6969.34
6222.14
7024.26
6384.15
7709.99
7442.1
7376.45
5748.57
6797.68
5901.07
6483.87
7020.17
6100.97
5388.49
8438.29
6430.39
6247.63
8028.04
5269.47
6964.72
7303.02
7416.69
5204.64
5209.67
5864.31
6702.33
7937.4
6975.1
6301.49
5666.52
8362.44
6178.22
5608.73
5179.86
5689.56
7799.85
6142.54
6167.16
8188.84
8061.82
5882.86
5180.07
8543.32
5857.54
5670.17
5719.81
5664.8
5573.7
7825.42
6628.62
6114.36
5882.32
8046.91
7198.66
5574.14
5596
6178.07
5719.01
10206.6
5710.04
6897.76
6898.07
7716.06
5989.93
6726.34
7181.27
6233.7
6969.87
5949.55
8158.95
6914.92
6335.54
5924.67
7048.04
7250.31
5661.63
5685.4
5345.1
8996.12
6571.31
5784.94
7416.86
7307.11
10370.2
5636.04
5473.97
5553.85
5417.93
6990.67
5785.38
6036.85
6359.28
7019.16
6039.67
8504.24
6720.7
7920.83
6707.35
5798.61
8677.72
5303.96
5241.66
6608.94
6094.31
7948.09
6746.36
6981.95
5914.42
6618.9
6995.51
6703.76
6622.83
9519.33
6745.18
5603.57
5758.47
5620.77
5484.01
7769.28
7059.19
6292.11
6175.04
5616.4
6061.83
6000.54
12991.4
5704.83
7179.31
5153.09
5247.68
6504.68
6206.32
5375.11
6551.78
7297.42
5174.64
6715.52
5995.56
6712.98
5401.4
5448.54
7869
5781.76
5158.07
5568.44
7245.44
8700.41
5379.76
6430.5
5916
7038.3
8524.64
5597.7
7006.6
6446.04
5426.24
8355.08
5581.5
5115.27
5365.33
6856.72
5333.92
8141.82
6799.1
5778.34
6637.84
5751.51
7073.11
5612.53
7658.59
5116.04
6156.86
6701.46
9878.72
6416.65
7408.56
6090.39
6975.02
6476.81
10746.2
5565.18
6392.58
6238.25
5404.5
6125.05
5262.36
6919.47
7049.15
6721.55
6167.25
5297.29
5494.94
9168.87
6029.64
5721.9
6809.35
8457.04
6681.16
6462.07
9604.85
7808.04
6525.86
5697.02
6045.21
6461.27
5723.03
9077.72
5929.95
5733.49
5706.04
8146.22
6083.3
8231.83
5960.37
5973.61
5816.32
5725.04
5508.66
6516.98
6843.84
5975.5
5782.43
6252.97
5877.39
7293.72
6624.48
5919.22
5227.78
5595.85
8848.64
7560.41
6133.56
8635.47
7733.47
5382.35
5774.21
5921.09
5472.28
8255.25
6868.63
5340.2
7560.61
7864.26
10271.3
7103.95
5179.38
5966.54
8344.22
6994.62
8094.11
8098.55
5803.44
6258.53
7144.46
5918.67
5738.47
6383.23
5342.14
9369.8
5574.8
5271.52
5874.72
5373
5425.51
7833.75
5719.61
8349.11
6959.48
6252.91
7211.09
6184.66
6502.7
6567.37
5712.27
7571.69
9068.02
8453.32
5619.58
5973.65
6286.5
8160.31
5090.76
6569.41
8911.47
6253.55
6959.64
8561.29
6322.95
9593.75
6877.09
8358.97
9454.64
6030.28
6847.14
7125.44
6600.97
7666.05
5159.09
5707.72
7380.12
5875.56
5745.71
5464.19
7564.33
5395.68
6306
5330.39
6113.7
5726.74
6529.86
6253.34
6414.91
5201.54
5294.6
7147.98
6056.43
11887.4
9017.81
7216.53
6037.3
6464.71
6135.69
5869.99
6215.29
7533.34
6726.52
6624.08
6433.37
6782.6
6409.33
8858.02
6260.9
5943.49
5251.59
8498.78
5669.37
7185.08
8606.71
5164.87
7265.45
6439.16
6237.52
5754
5822.78
5413.72
8451.36
5365.16
5861.49
9405.43
7016.31
5831.81
5459.83
6299.75
6784.4
7691.96
6399.48
5502.45
5840.37
5802.29
6912.02
5389.46
6055.89
6163.35
6200.45
5301.09
5773.94
5476.38
5191.45
7925.72
5476.76
5626.04
6419.23
6446.01
5843
8736.47
5614.52
5091.77
7461.02
5756.26
6887.28
8009.41
6221.76
5539.12
8648.84
6847.15
5354.6
5127.34
6224.59
6963.83
5538.78
6461.35
7432.94
5791.19
5245.99
6262.31
5408.27
5932.7
7407.82
5849.81
5430.32
5866.05
5462.8
6437.08
6319.39
5206.56
6339.3
6012.68
6182.1
6289.1
6933.22
5778.34
6178.81
5549.31
9637.8
5172.48
6233.18
5639.59
5726.09
5675.18
6397.03
6065.52
7212.97
6502.39
6117.99
5963.05
7213.43
5860.45
5947.8
6732.15
6622.38
6583.69
6187.83
6357.48
5819.94
6100.03
6887.61
6057.05
6980.55
7824.22
10626.1
6452.34
6638.89
5860.27
7285.57
5930.07
6071.04
6501.46
5176.86
6718.54
6825.03
6397.64
10090.7
5511.24
6858.89
5372.44
7580.82
6022.74
5585.97
8110.07
7405.02
6895.66
7848.41
5122.41
5155.11
8727.87
6380.6
7244.65
8113.49
6898.09
5183.14
6324.93
6392.68
5579.87
5100.52
5532.42
6088.86
6522.72
5936.58
7297.06
5726.98
7044.8
6527.9
5437.07
6928.88
5624.59
6142.51
10055.8
9749.05
6592.91
7334.51
5417.66
5157.69
8025.49
7389.44
6265.42
5389
6359.62
8003.73
10819.1
5338.8
6492.2
6076.1
5897.24
5371.21
5284.12
5447.13
6526.19
7586.06
6095.64
6388.4
6534.22
6116.53
6031.2
6133.86
5452.79
5959.9
5512.88
6963.12
6087.19
5532.97
7177.67
6230.31
5828.88
5612.82
5168.26
5877.96
9551.14
6424.75
8359.15
9536.41
7327.04
6899.47
6380.08
5323.34
5915.73
6227.59
6041.76
6296.99
6507.84
8596.25
6512.63
5953.73
6242.64
5447.34
5554
5322.57
7880.73
6110.27
5122.95
6373.74
6845.37
5652.77
5066.08
6150.65
5677.27
6621.18
6683.38
7800.99
6241.35
6511.94
5409.85
9930.81
6940.58
9008.61
5184.82
5832.43
