0.000000
0.000000
0.000000
0.000000
0.000000
0.000000
0.000000
0.000000
0.000000
0.000000
0.000000
0.000000
0.000000
0.000000
0.000000
0.000000
0.000000
0.000000
0.000000
0.000000
0.000000
0.000000
0.000000
0.000000
0.000000
0.000000
0.000000
0.000000
0.000000
0.000000
0.000000
0.000000
0.000000
0.000000
0.000000
0.000000
0.000000
0.000000
0.000000
0.000000
0.000000
0.000000
0.000000
0.000000
0.000000
0.000000
0.000000
0.000000
0.000000
0.000000
0.200000
0.200000
0.199079
0.196371
0.191066
0.182508
0.171028
0.157023
0.140944
0.123282
0.104552
0.085278
0.065981
0.047164
0.029298
0.012812
-0.001918
-0.014577
-0.024915
-0.032757
-0.037997
-0.040606
-0.040623
-0.038159
-0.033385
-0.026528
-0.017862
-0.007700
0.003616
0.015727
0.028264
0.040863
0.053168
0.064848
0.075598
0.085151
0.093282
0.099810
0.104608
0.107597
0.108750
0.108092
0.105694
0.101672
0.096182
0.089413
0.081583
0.072927
0.063699
0.054154
0.044550
0.035136
0.026146
0.017797
0.010277
0.003747
-0.001663
-0.005859
-0.008784
-0.010416
-0.010767
-0.009886
-0.007851
-0.004768
-0.000767
0.004000
0.009368
0.015162
0.021203
0.027308
0.033304
0.039024
0.044317
0.049046
0.053098
0.056379
0.058821
0.060381
0.061041
0.060808
0.059713
0.057809
0.055168
0.051881
0.048051
0.043794
0.039232
0.034491
0.029697
0.024973
0.020438
0.016197
0.012348
0.008971
0.006134
0.003887
0.002260
0.001268
0.000909
0.001161
0.001989
0.003344
0.005164
0.007375
0.009899
0.012649
0.015539
0.018478
0.021380
0.024163
0.026751
0.029075
0.031076
0.032708
0.033934
0.034730
0.035086
0.035002
0.034491
0.033578
0.032296
0.030688
0.028803
0.026698
0.024432
0.022066
0.019663
0.017283
0.014985
0.012823
0.010845
0.009092
0.007599
0.006392
0.005488
0.004895
0.004615
0.004638
0.004948
0.005522
0.006332
0.007342
0.008513
0.009804
0.011173
0.012575
0.013967
0.015309
0.016563
0.017693
0.018671
0.019471
0.020076
0.020472
0.020652
0.020617
0.020370
0.019924
0.019293
0.018498
0.017562
0.016513
0.015380
0.014192
0.012980
0.011774
0.010603
0.009495
0.008472
0.007557
0.006768
0.006116
0.005612
0.005262
0.005065
0.005018
0.005115
0.005344
0.005692
0.006142
0.006676
0.007273
0.007912
0.008572
0.009232
0.009871
0.010471
0.011013
0.011483
0.011869
0.012160
0.012350
0.012435
0.012414
0.012289
0.012064
0.011748
0.011349
0.010879
0.010351
0.009779
0.009177
0.008561
0.007946
0.007345
0.006772
0.006240
0.005759
0.005338
0.004983
0.004702
0.004495
0.004363
0.004307
0.004322
0.004403
0.004544
0.004737
0.004974
0.005243
0.005536
0.005841
0.006148
0.006447
0.006728
0.006983
0.007205
0.007386
0.007521
0.007608
0.007644
0.007627
0.007559
0.007443
0.007280
0.007076
0.006836
0.006567
0.006274
0.005966
0.005650
0.005332
0.005021
0.004722
0.004442
0.004187
0.003960
0.003766
0.003607
0.003485
0.003400
0.003352
0.003340
0.003360
0.003412
0.003489
0.003589
0.003707
0.003836
0.003973
0.004112
0.004249
0.004377
0.004494
0.004594
0.004676
0.004736
0.004772
0.004784
0.004770
0.004731
0.004667
0.004581
0.004474
0.004349
0.004210
0.004058
0.003898
0.003733
0.003567
0.003404
0.003246
0.003097
0.002960
0.002836
0.002728
0.002638
0.002565
0.002511
0.002475
0.002457
0.002456
0.002470
0.002497
0.002536
0.002584
0.002639
0.002697
0.002758
0.002817
0.002873
0.002924
0.002968
0.003002
0.003026
0.003039
0.003040
0.003028
0.003004
0.002968
0.002921
0.002863
0.002797
0.002722
0.002642
0.002557
0.002470
0.002382
0.002295
0.002211
0.002130
0.002055
0.001987
0.001927
0.001874
0.001831
0.001797
0.001771
0.001755
0.001747
0.001747
0.001753
0.001766
0.001783
0.001804
0.001827
0.001851
0.001875
0.001898
0.001919
0.001936
0.001948
0.001956
0.001959
0.001955
0.001946
0.001930
0.001909
0.001882
0.001850
0.001814
0.001773
0.001730
0.001684
0.001637
0.001590
0.001543
0.001496
0.001452
0.001411
0.001372
0.001338
0.001307
0.001281
0.001259
0.001242
0.001229
0.001221
0.001216
0.001215
0.001217
0.001221
0.001228
0.001235
0.001243
0.001252
0.001260
0.001267
0.001272
0.001275
0.001276
0.001275
0.001270
0.001263
0.001253
0.001240
0.001224
0.001205
0.001185
0.001162
0.001138
0.001113
0.001087
0.001061
0.001035
0.001009
0.000984
0.000961
0.000939
0.000919
0.000901
0.000885
0.000871
0.000859
0.000850
0.000843
0.000838
0.000834
0.000832
0.000832
0.000832
0.000834
0.000835
0.000837
0.000839
0.000840
0.000840
0.000840
0.000838
0.000835
0.000831
0.000826
0.000819
0.000811
0.000801
0.000790
0.000778
0.000765
0.000752
0.000737
0.000723
0.000708
0.000693
0.000678
0.000664
0.000651
0.000638
0.000626
0.000615
0.000605
0.000597
0.000589
0.000582
0.000577
0.000573
0.000569
0.000566
0.000564
0.000563
0.000562
0.000561
0.000560
0.000559
0.000558
0.000557
0.000556
0.000553
0.000551
0.000547
0.000543
0.000539
0.000533
0.000527
0.000521
0.000513
0.000506
0.000498
0.000490
0.000481
0.000472
0.000464
0.000455
0.000447
0.000439
0.000432
0.000424
0.000418
0.000412
0.000406
0.000401
0.000396
0.000393
0.000389
0.000386
0.000384
0.000381
0.000380
0.000378
0.000376
0.000375
0.000374
0.000372
0.000371
0.000369
0.000367
0.000365
0.000362
0.000359
0.000356
0.000352
0.000348
0.000344
0.000340
0.000335
0.000331
0.000326
0.000321
0.000315
0.000310
0.000305
0.000300
0.000296
0.000291
0.000287
0.000282
0.000279
0.000275
0.000272
0.000269
0.000266
0.000263
0.000261
0.000259
0.000257
0.000256
0.000254
0.000253
0.000251
0.000250
0.000248
0.000247
0.000245
0.000244
0.000242
0.000240
0.000238
0.000236
0.000234
0.000231
0.000228
0.000226
0.000223
0.000220
0.000217
0.000214
0.000211
0.000208
0.000205
0.000202
0.000199
0.000196
0.000193
0.000190
0.000188
0.000186
0.000183
0.000181
0.000180
0.000178
0.000176
0.000175
0.000173
0.000172
0.000171
0.000169
0.000168
0.000167
0.000166
0.000165
0.000164
0.000162
0.000161
0.000160
0.000158
0.000157
0.000155
0.000154
0.000152
0.000150
0.000148
0.000146
0.000145
0.000143
0.000141
0.000139
0.000137
0.000135
0.000133
0.000132
0.000130
0.000128
0.000127
0.000125
0.000124
0.000122
0.000121
0.000120
0.000119
0.000118
0.000116
0.000115
0.000115
0.000114
0.000113
0.000112
0.000111
0.000110
0.000109
0.000108
0.000107
0.000106
0.000105
0.000104
0.000103
0.000102
0.000101
0.000100
0.000099
0.000098
0.000097
0.000095
0.000094
0.000093
0.000092
0.000091
0.000089
0.000088
0.000087
0.000086
0.000085
0.000084
0.000083
0.000082
0.000081
0.000081
0.000080
0.000079
0.000078
0.000078
0.000077
0.000076
0.000076
0.000075
0.000074
0.000074
0.000073
0.000072
0.000072
0.000071
0.000070
0.000070
0.000069
0.000068
0.000067
0.000067
0.000066
0.000065
0.000064
0.000064
0.000063
0.000062
0.000061
0.000061
0.000060
0.000059
0.000058
0.000058
0.000057
0.000056
0.000056
0.000055
0.000055
0.000054
0.000054
0.000053
0.000052
0.000052
0.000052
0.000051
0.000051
0.000050
0.000050
0.000049
0.000049
0.000048
0.000048
0.000047
0.000047
0.000046
0.000046
0.000046
0.000045
0.000045
0.000044
0.000044
0.000043
0.000043
0.000042
0.000042
0.000041
0.000041
0.000040
0.000040
0.000039
0.000039
0.000038
0.000038
0.000037
0.000037
0.000037
0.000036
0.000036
0.000036
0.000035
0.000035
0.000035
0.000034
0.000034
0.000034
0.000033
0.000033
0.000033
0.000032
0.000032
0.000032
0.000031
0.000031
0.000031
0.000030
0.000030
0.000030
0.000029
0.000029
0.000029
0.000028
0.000028
0.000028
0.000028
0.000027
0.000027
0.000027
0.000026
0.000026
0.000026
0.000025
0.000025
0.000025
0.000025
0.000024
0.000024
0.000024
0.000024
0.000023
0.000023
0.000023
0.000023
0.000022
0.000022
0.000022
0.000022
0.000022
0.000021
0.000021
0.000021
0.000021
0.000021
0.000020
0.000020
0.000020
0.000020
0.000019
0.000019
0.000019
0.000019
0.000019
0.000018
0.000018
0.000018
0.000018
0.000018
0.000017
0.000017
0.000017
0.000017
0.000017
0.000016
0.000016
0.000016
0.000016
0.000016
0.000016
0.000015
0.000015
0.000015
0.000015
0.000015
0.000015
0.000015
0.000014
0.000014
0.000014
0.000014
0.000014
0.000014
0.000014
0.000013
0.000013
0.000013
0.000013
0.000013
0.000013
0.000013
0.000012
0.000012
0.000012
0.000012
0.000012
0.000012
0.000012
0.000012
0.000011
0.000011
0.000011
0.000011
0.000011
0.000011
0.000011
0.000011
0.000010
0.000010
0.000010
0.000010
0.000010
0.000010
0.000010
0.000010
0.000010
0.000010
0.000009
0.000009
0.000009
0.000009
0.000009
0.000009
0.000009
0.000009
0.000009
0.000009
0.000009
0.000008
0.000008
0.000008
0.000008
0.000008
0.000008
0.000008
0.000008
0.000008
0.000008
0.000008
0.000007
0.000007
0.000007
0.000007
0.000007
0.000007
0.000007
0.000007
0.000007
0.000007
0.000007
0.000007
0.000007
0.000007
0.000006
0.000006
0.000006
0.000006
0.000006
0.000006
0.000006
0.000006
0.000006
0.000006
0.000006
0.000006
0.000006
0.000006
0.000006
0.000006
0.000005
0.000005
0.000005
0.000005
0.000005
0.000005
0.000005
0.000005
0.000005
0.000005
0.000005
0.000005
0.000005
0.000005
0.000005
0.000005
0.000005
0.000005
0.000005
0.000004
0.000004
0.000004
0.000004
0.000004
0.000004
0.000004
0.000004
0.000004
0.000004
0.000004
0.000004
0.000004
0.000004
0.000004
0.000004
0.000004
0.000004
0.000004
0.000004
0.000004
0.000004
0.000004
0.000004
0.000003
0.000003
0.000003
0.000003
0.000003
0.000003
0.000003
0.000003
0.000003
0.000003
0.000003
0.000003
0.000003
0.000003
0.000003
0.000003
0.000003
0.000003
